4037    0.004989268813587007
2625    0.004070536240489545
6634    0.0037261618962719104
15    0.0030983209909650317
2398    0.0028149278430614866
2328    0.002575269279056669
2470    0.002543550302663461
3089    0.002470692453902456
6946    0.002373665372707444
3352    0.002363092758363481
5412    0.002345289327164228
4191    0.0022922349985023756
7632    0.0022669203911965113
7553    0.002180997946997987
737    0.002143827717406948
1297    0.002136097783965708
3456    0.0021100833739003725
2237    0.002106213674860743
5254    0.002078229747330968
6832    0.0020708176020865507
2066    0.00199959037560907
4712    0.0019038735144582145
762    0.001881514291189649
7092    0.0018783136762781595
1186    0.001864704078565784
4310    0.001857958689493936
6774    0.0017767086261775342
7620    0.0017635944004141494
2958    0.0017297770712323658
4335    0.001684414748865507
993    0.0016512574440065335
4828    0.001646277532269921
3537    0.0016429636046518489
4875    0.0016392701195518068
6006    0.0016316572390404757
2657    0.0016235251467706282
271    0.0016231992127527517
665    0.001613060193236691
1549    0.0016106898019130971
4735    0.001591436215728626
4256    0.0015857384424851101
3238    0.001520484759517386
5484    0.0014853967667374382
825    0.001484635744858851
3498    0.0014842623678344618
2565    0.001481524518201889
4261    0.0014698495086628415
3568    0.001450739541730292
5123    0.0014492621147900858
2654    0.001434959638360986
3084    0.0014309826558876932
2485    0.00140481508500927
5079    0.001399355114933341
6784    0.0013984713455786797
5404    0.001382474209067873
2535    0.0013823663118450907
2871    0.0013804151761255647
5543    0.0013598561784581166
6334    0.0013547450611101476
5459    0.0013440556598118339
3897    0.001343553762383462
28    0.001340201796435508
8042    0.0013166550213657435
4400    0.0013061795259548658
1842    0.0012973522728520095
2859    0.001292885826100107
6059    0.0012879035670796694
3562    0.0012866941364220576
4600    0.001281885611866832
2746    0.0012778892352429284
3334    0.0012776688229046641
2576    0.001277516050234816
3034    0.0012733503372741877
5226    0.001267838382304211
7809    0.0012614708272342577
2651    0.001241592067448679
5022    0.0012311486570565759
3321    0.0011946659061464816
1633    0.001183685854010447
5563    0.0011825566251937266
4099    0.001176925198318421
1211    0.0011719447279159307
1754    0.0011615947510351967
3459    0.0011587331563162515
8293    0.001153275837423216
4040    0.0011514234829941236
4666    0.0011475399080426297
1726    0.0011420462872266687
4981    0.0011417996717316937
7961    0.0011404987110114474
4531    0.001135834757404682
2516    0.0011336202552317096
6124    0.0011315438609030305
6330    0.001126293878089547
5605    0.0011223388468047956
3962    0.0011182217443042697
3005    0.0011099357752469888
7890    0.0011091896266008032
86    0.0011029816105393643
7214    0.0010995295696016563
